Input shape: torch.Size([2, 3, 16])
Input tensor:
 tensor([[[ 1.9269,  1.4873,  0.9007, -2.1055,  0.6784, -1.2345, -0.0431,
          -1.6047, -0.7521,  1.6487, -0.3925, -1.4036, -0.7279, -0.5594,
          -0.7688,  0.7624],
         [ 1.6423, -0.1596, -0.4974,  0.4396, -0.7581,  1.0783,  0.8008,
           1.6806,  1.2791,  1.2964,  0.6105,  1.3347, -0.2316,  0.0418,
          -0.2516,  0.8599],
         [-1.3847, -0.8712, -0.2234,  1.7174,  0.3189, -0.4245,  0.3057,
          -0.7746, -1.5576,  0.9956, -0.8798, -0.6011, -1.2742,  2.1228,
          -1.2347, -0.4879]],

        [[-0.9138, -0.6581,  0.0780,  0.5258, -0.4880,  1.1914, -0.8140,
          -0.7360, -1.4032,  0.0360, -0.0635,  0.6756, -0.0978,  1.8446,
          -1.1845,  1.3835],
         [ 1.4451,  0.8564,  2.2181,  0.5232,  0.3466, -0.1973, -1.0546,
           1.2780, -0.1722,  0.5238,  0.0566,  0.4263,  0.5750, -0.6417,
          -2.2064, -0.7508],
         [ 0.0109, -0.3387, -1.3407, -0.5854,  0.5362,  0.5246,  1.1412,
           0.0516,  0.7440, -0.4816, -1.0495,  0.6039, -1.7223, -0.8278,
           1.3347,  0.4835]]])

Output shape: torch.Size([2, 3, 16])
Output tensor:
 tensor([[[ 1.9269,  1.4873,  0.9007, -2.1055,  0.6784, -1.2345, -0.0431,
          -1.6047, -0.7521,  1.6487, -0.3925, -1.4036, -0.7279, -0.5594,
          -0.7688,  0.7624],
         [ 1.0216,  1.2957, -0.5018,  0.4346, -1.3170, -0.0553,  0.7840,
           1.6885, -0.3998,  1.7768,  0.5971,  1.3408, -0.1603, -0.1723,
          -0.2602,  0.8573],
         [ 1.3684, -0.8965, -0.2577,  1.7126,  0.2533,  0.4666,  0.3212,
          -0.7683, -0.2572, -1.8306, -0.8676, -0.6186, -1.4000, -2.0420,
          -1.2246, -0.5125]],

        [[-0.9138, -0.6581,  0.0780,  0.5258, -0.4880,  1.1914, -0.8140,
          -0.7360, -1.4032,  0.0360, -0.0635,  0.6756, -0.0978,  1.8446,
          -1.1845,  1.3835],
         [ 0.0602,  1.6788,  2.2127,  0.5453,  0.3533,  0.1851, -1.0673,
           1.2674, -0.5338,  0.1381,  0.0524,  0.4268,  0.8507,  0.1371,
          -2.1988, -0.7728],
         [ 0.3035,  0.1508, -1.3287, -0.6121, -0.7002,  0.2692,  1.1399,
           0.0745,  0.1283,  0.8769, -1.0613,  0.5828,  1.4694, -1.2216,
           1.3248,  0.5101]]])
